CercoMRU1
10.44	8.0
18.7	15.9
27.02	24.3
CercoMRU2
8.33	8.5
16.61	16.9
24.92	24.7
CercoMRU3
8.46	8.3
16.69	16.8
25.01	25.2
CercoMUV1
9.03	8.88
16.98	16.82
23.94	23.57
CercoMUV2
9.08	8.91
16.97	16.94
23.96	23.95
CercoMUV3
8.96	8.89
17.05	16.85
23.96	23.81
JoaoMRU1
7.72	7.8
16.18	16.2
24.45	24.5
JoaoMRU2
7.86	7.9
16.25	16.4
24.48	24.7
JoaoMRU3
8.36	8.5
16.66	16.8
24.98	25.1
JoaoMUV1
9.23	9.1
17.08	17.00
23.91	23.93
JoaoMUV2
9.14	9.02
17.09	16.99
23.95	23.91
JoaoMUV3
9.21	8.93
17.13	16.87
23.99	23.95
KeiMRU1
8.5	8.5
16.83	16.9
25.13	25.2
KeiMRU2
8.4	8.6
16.95	16.9
24.92	25.1
KeiMRU3
8.67	8.8
17.00	17.1
25.28	25.4
KeiMUV1
8.41	8.88
16.16	16.86
23.33	23.87
KeiMUV2
8.97	8.89
17.10	16.85
24.05	23.90
KeiMUV3
9.23	8.97
17.11	16.96
24.11	23.92